X 	 Y 	 	 Линейная 	 	 	 Полиномиальная 	  Экспоненциальная 	  Логарифмическая 	  Степенная
2.0	0.22	0.22045454545454124	0.13636363636381343	4.919656213786845	-0.9535511217467185	0.45975844037136643
2.7	1.11	1.2412727272727224	1.2076363636365857	5.157557374564686	1.1050259560585731	0.9093332602999026
3.4	2.23	2.2620909090909036	2.2676969696972407	5.406962786826774	2.6863103863815105	1.5354735792028862
4.1	3.34	3.282909090909084	3.3165454545457775	5.668428764807894	3.970493964168691	2.349708482029058
4.8	4.45	4.303727272727266	4.354181818182198	5.942538524582407	5.051754762901195	3.3619292507652494
5.5	5.27	5.324545454545447	5.380606060606502	6.229903484963852	5.985557779137107	4.580855051286384
6.2	6.41	6.345363636363627	6.395818181818687	6.531164631312529	6.80733795189019	6.014318110392449
6.9	7.34	7.3661818181818095	7.399818181818758	6.8469939452930735	7.541116637102348	7.669452463749974
7.6	8.47	8.38699999999999	8.392606060606706	7.178095903771232	8.203931515829328	9.552826053151058
8.3	9.50	9.407818181818172	9.374181818182542	7.52520905019318	8.808306143367592	11.670537163045411
9.0	10.23	10.428636363636352	10.34454545454626	7.889107641952469	9.363716024910051	14.02828719455971
S			0.10559909090909095	0.0786339393939405	68.43957659676933	4.355126618797996	23.7954467391139	
δ			0.09797916796631774	0.08454903869887394	2.4943495526119417	0.6292222196560677	1.470789730324677	
a			1.4583116883116873	-0.011440940012364526	4.298695859937597	6.859532075124604	0.09515163033010456	
b			-2.6961688311688334	1.5841620284477878	0.06746348225228226	-5.708216439579848	2.2725757792790833	
c								0.0786339393939405
